49,1200,400
47,1200,400
46,1200,400
45,1200,400
44,1200,400
43,1200,400
42,1200,400
41,1200,400
40,1200,400
39,1200,400
37,1200,400
35,1200,400
38,1200,400
36,1200,400
34,1200,400
48,1200,400
33,1200,400
32,1200,400
31,1200,400
30,1200,400
29,1200,400
27,1200,400
26,1200,400
28,1200,400
24,1200,400
23,1200,400
25,1200,400
22,1200,400
21,1200,400
20,1200,400
18,1200,400
16,1200,400
15,1200,400
14,1200,400
13,1200,400
19,1200,400
12,1200,400
10,1200,400
9,1200,400
17,1200,400
8,1200,400
6,1200,400
5,1200,400
4,1200,400
7,1200,400
1,1200,400
3,1200,400
2,1200,400
0,1200,400
11,1200,400
50,1200,400
51,1200,400
52,1200,400
53,1200,400
54,1200,400
55,1200,400
56,1200,400
57,1200,400
58,1200,400
59,1200,400
62,1200,400
63,1200,400
64,1200,400
65,1200,400
66,1200,400
67,1200,400
68,1200,400
69,1200,400
60,1200,400
61,1200,400
70,1200,400
73,1200,400
71,1200,400
74,1200,400
75,1200,400
76,1200,400
77,1200,400
78,1200,400
79,1200,400
80,1200,400
81,1200,400
82,1200,400
83,1200,400
72,1200,400
85,1200,400
86,1200,400
84,1200,400
88,1200,400
90,1200,400
93,1200,400
94,1200,400
95,1200,400
92,1200,400
91,1200,400
96,1200,400
97,1200,400
87,1200,400
99,1200,400
98,1200,400
89,1200,400
101,1200,400
102,1200,400
105,1200,400
103,1200,400
106,1200,400
107,1200,400
104,1200,400
108,1200,400
110,1200,400
109,1200,400
113,1200,400
100,1200,400
112,1200,400
116,1200,400
114,1200,400
117,1200,400
118,1200,400
119,1200,400
120,1200,400
121,1200,400
122,1200,400
124,1200,400
125,1200,400
126,1200,400
127,1200,400
115,1200,400
123,1200,400
128,1200,400
129,1200,400
130,1200,400
111,1200,400
131,1200,400
132,1200,400
133,1200,400
134,1200,400
138,1200,400
136,1200,400
139,1200,400
140,1200,400
137,1200,400
143,1200,400
135,1200,400
141,1200,400
145,1200,400
146,1200,400
142,1200,400
149,1200,400
144,1200,400
147,1200,400
150,1200,400
151,1200,400
152,1200,400
153,1200,400
154,1200,400
148,1200,400
155,1200,400
157,1200,400
158,1200,400
159,1200,400
160,1200,400
161,1200,400
162,1200,400
164,1200,400
166,1200,400
167,1200,400
165,1200,400
156,1200,400
168,1200,400
169,1200,400
170,1200,400
163,1200,400
171,1200,400
172,1200,400
173,1200,400
174,1200,400
178,1200,400
180,1200,400
175,1200,400
179,1200,400
181,1200,400
177,1200,400
182,1200,400
184,1200,400
185,1200,400
186,1200,400
183,1200,400
187,1200,400
189,1200,400
190,1200,400
191,1200,400
192,1200,400
193,1200,400
194,1200,400
195,1200,400
196,1200,400
197,1200,400
198,1200,400
199,1200,400
201,1200,400
202,1200,400
203,1200,400
204,1200,400
205,1200,400
206,1200,400
207,1200,400
208,1200,400
209,1200,400
210,1200,400
211,1200,400
212,1200,400
213,1200,400
214,1200,400
215,1200,400
216,1200,400
176,1200,400
217,1200,400
218,1200,400
219,1200,400
220,1200,400
221,1200,400
222,1200,400
223,1200,400
224,1200,400
225,1200,400
226,1200,400
227,1200,400
228,1200,400
229,1200,400
230,1200,400
200,1200,400
231,1200,400
232,1200,400
233,1200,400
234,1200,400
235,1200,400
236,1200,400
237,1200,400
238,1200,400
239,1200,400
240,1200,400
241,1200,400
243,1200,400
242,1200,400
244,1200,400
246,1200,400
247,1200,400
248,1200,400
188,1200,400
245,1200,400
249,1200,400
250,1200,400
251,1200,400
252,1200,400
253,1200,400
254,1200,400
255,1200,400
256,1200,400
260,1200,400
258,1200,400
261,1200,400
257,1200,400
259,1200,400
262,1200,400
265,1200,400
264,1200,400
267,1200,400
266,1200,400
263,1200,400
270,1200,400
271,1200,400
272,1200,400
269,1200,400
268,1200,400
275,1200,400
277,1200,400
278,1200,400
276,1200,400
273,1200,400
274,1200,400
280,1200,400
281,1200,400
279,1200,400
282,1200,400
283,1200,400
284,1200,400
285,1200,400
286,1200,400
287,1200,400
291,1200,400
288,1200,400
289,1200,400
293,1200,400
294,1200,400
295,1200,400
292,1200,400
290,1200,400
298,1200,400
299,1200,400
300,1200,400
301,1200,400
302,1200,400
296,1200,400
297,1200,400
303,1200,400
305,1200,400
306,1200,400
307,1200,400
308,1200,400
309,1200,400
310,1200,400
311,1200,400
312,1200,400
313,1200,400
304,1200,400
315,1200,400
316,1200,400
318,1200,400
320,1200,400
317,1200,400
319,1200,400
321,1200,400
314,1200,400
322,1200,400
323,1200,400
324,1200,400
326,1200,400
325,1200,400
329,1200,400
327,1200,400
328,1200,400
331,1200,400
330,1200,400
332,1200,400
333,1200,400
336,1200,400
337,1200,400
338,1200,400
339,1200,400
340,1200,400
335,1200,400
341,1200,400
343,1200,400
344,1200,400
334,1200,400
346,1200,400
342,1200,400
348,1200,400
349,1200,400
350,1200,400
351,1200,400
352,1200,400
354,1200,400
347,1200,400
353,1200,400
345,1200,400
356,1200,400
357,1200,400
360,1200,400
358,1200,400
359,1200,400
361,1200,400
362,1200,400
363,1200,400
355,1200,400
367,1200,400
365,1200,400
366,1200,400
369,1200,400
368,1200,400
370,1200,400
364,1200,400
371,1200,400
374,1200,400
375,1200,400
376,1200,400
377,1200,400
378,1200,400
372,1200,400
379,1200,400
380,1200,400
381,1200,400
382,1200,400
383,1200,400
373,1200,400
385,1200,400
386,1200,400
387,1200,400
388,1200,400
389,1200,400
390,1200,400
391,1200,400
392,1200,400
394,1200,400
396,1200,400
384,1200,400
395,1200,400
397,1200,400
393,1200,400
399,1200,400
400,1200,400
398,1200,400
402,1200,400
401,1200,400
404,1200,400
403,1200,400
406,1200,400
407,1200,400
405,1200,400
408,1200,400
409,1200,400
412,1200,400
413,1200,400
414,1200,400
415,1200,400
416,1200,400
411,1200,400
418,1200,400
417,1200,400
420,1200,400
421,1200,400
422,1200,400
423,1200,400
424,1200,400
419,1200,400
426,1200,400
410,1200,400
429,1200,400
430,1200,400
431,1200,400
432,1200,400
433,1200,400
434,1200,400
435,1200,400
436,1200,400
428,1200,400
427,1200,400
437,1200,400
438,1200,400
439,1200,400
425,1200,400
443,1200,400
441,1200,400
444,1200,400
445,1200,400
442,1200,400
446,1200,400
440,1200,400
449,1200,400
450,1200,400
451,1200,400
452,1200,400
447,1200,400
455,1200,400
454,1200,400
453,1200,400
456,1200,400
49,1200,400
47,1200,400
46,1200,400
45,1200,400
